2014-02-10 00:00:00,2014-02-10 00:00:00,TMP,surface,-107.813,25.0393,297.576
2014-02-10 00:00:00,2014-02-10 00:00:00,TMP,surface,-106.875,25.0393,290.578
2014-02-10 00:00:00,2014-02-10 00:00:00,TMP,surface,-105.938,25.0393,285.269
2014-02-10 00:00:00,2014-02-10 00:00:00,TMP,surface,-105,25.0393,283.581
2014-02-10 00:00:00,2014-02-10 00:00:00,TMP,surface,-104.063,25.0393,286.719
2014-02-10 00:00:00,2014-02-10 00:00:00,TMP,surface,-103.125,25.0393,289.263
2014-02-10 00:00:00,2014-02-10 00:00:00,TMP,surface,-102.188,25.0393,288.997
2014-02-10 00:00:00,2014-02-10 00:00:00,TMP,surface,-101.25,25.0393,287.203
2014-02-10 00:00:00,2014-02-10 00:00:00,TMP,surface,-100.313,25.0393,287.515
2014-02-10 00:00:00,2014-02-10 00:00:00,TMP,surface,-99.3754,25.0393,290.104
2014-02-10 00:00:00,2014-02-10 00:00:00,TMP,surface,-98.4379,25.0393,293.448
2014-02-10 00:00:00,2014-02-10 00:00:00,TMP,surface,-97.5004,25.0393,298.072
2014-02-10 00:00:00,2014-02-10 00:00:00,TMP,surface,-96.5629,25.0393,298.322
2014-02-10 00:00:00,2014-02-10 00:00:00,TMP,surface,-95.6254,25.0393,298.616
2014-02-10 00:00:00,2014-02-10 00:00:00,TMP,surface,-94.6879,25.0393,298.704
2014-02-10 00:00:00,2014-02-10 00:00:00,TMP,surface,-93.7504,25.0393,298.678
2014-02-10 00:00:00,2014-02-10 00:00:00,TMP,surface,-92.8129,25.0393,298.63
2014-02-10 00:00:00,2014-02-10 00:00:00,TMP,surface,-107.813,25.9842,292.342
2014-02-10 00:00:00,2014-02-10 00:00:00,TMP,surface,-106.875,25.9842,286.207
2014-02-10 00:00:00,2014-02-10 00:00:00,TMP,surface,-105.938,25.9842,283.723
2014-02-10 00:00:00,2014-02-10 00:00:00,TMP,surface,-105,25.9842,285.525
2014-02-10 00:00:00,2014-02-10 00:00:00,TMP,surface,-104.063,25.9842,289.35
2014-02-10 00:00:00,2014-02-10 00:00:00,TMP,surface,-103.125,25.9842,290.839
2014-02-10 00:00:00,2014-02-10 00:00:00,TMP,surface,-102.188,25.9842,289.954
2014-02-10 00:00:00,2014-02-10 00:00:00,TMP,surface,-101.25,25.9842,288.778
2014-02-10 00:00:00,2014-02-10 00:00:00,TMP,surface,-100.313,25.9842,289.014
2014-02-10 00:00:00,2014-02-10 00:00:00,TMP,surface,-99.3754,25.9842,291.64
2014-02-10 00:00:00,2014-02-10 00:00:00,TMP,surface,-98.4379,25.9842,293.642
2014-02-10 00:00:00,2014-02-10 00:00:00,TMP,surface,-97.5004,25.9842,295.022
2014-02-10 00:00:00,2014-02-10 00:00:00,TMP,surface,-96.5629,25.9842,297.696
2014-02-10 00:00:00,2014-02-10 00:00:00,TMP,surface,-95.6254,25.9842,298.062
2014-02-10 00:00:00,2014-02-10 00:00:00,TMP,surface,-94.6879,25.9842,298.142
2014-02-10 00:00:00,2014-02-10 00:00:00,TMP,surface,-93.7504,25.9842,298.016
2014-02-10 00:00:00,2014-02-10 00:00:00,TMP,surface,-92.8129,25.9842,298.174
2014-02-10 00:00:00,2014-02-10 00:00:00,TMP,surface,-107.813,26.929,287.286
2014-02-10 00:00:00,2014-02-10 00:00:00,TMP,surface,-106.875,26.929,283.483
2014-02-10 00:00:00,2014-02-10 00:00:00,TMP,surface,-105.938,26.929,285.082
2014-02-10 00:00:00,2014-02-10 00:00:00,TMP,surface,-105,26.929,288.216
2014-02-10 00:00:00,2014-02-10 00:00:00,TMP,surface,-104.063,26.929,290.051
2014-02-10 00:00:00,2014-02-10 00:00:00,TMP,surface,-103.125,26.929,289.507
2014-02-10 00:00:00,2014-02-10 00:00:00,TMP,surface,-102.188,26.929,288.73
2014-02-10 00:00:00,2014-02-10 00:00:00,TMP,surface,-101.25,26.929,289.269
2014-02-10 00:00:00,2014-02-10 00:00:00,TMP,surface,-100.313,26.929,290.448
2014-02-10 00:00:00,2014-02-10 00:00:00,TMP,surface,-99.3754,26.929,291.966
2014-02-10 00:00:00,2014-02-10 00:00:00,TMP,surface,-98.4379,26.929,292.461
2014-02-10 00:00:00,2014-02-10 00:00:00,TMP,surface,-97.5004,26.929,296.813
2014-02-10 00:00:00,2014-02-10 00:00:00,TMP,surface,-96.5629,26.929,297.286
2014-02-10 00:00:00,2014-02-10 00:00:00,TMP,surface,-95.6254,26.929,297.656
2014-02-10 00:00:00,2014-02-10 00:00:00,TMP,surface,-94.6879,26.929,297.815
2014-02-10 00:00:00,2014-02-10 00:00:00,TMP,surface,-93.7504,26.929,297.573
2014-02-10 00:00:00,2014-02-10 00:00:00,TMP,surface,-92.8129,26.929,297.565
2014-02-10 00:00:00,2014-02-10 00:00:00,TMP,surface,-107.813,27.8739,284.325
2014-02-10 00:00:00,2014-02-10 00:00:00,TMP,surface,-106.875,27.8739,283.095
2014-02-10 00:00:00,2014-02-10 00:00:00,TMP,surface,-105.938,27.8739,286.266
2014-02-10 00:00:00,2014-02-10 00:00:00,TMP,surface,-105,27.8739,289.139
2014-02-10 00:00:00,2014-02-10 00:00:00,TMP,surface,-104.063,27.8739,289.307
2014-02-10 00:00:00,2014-02-10 00:00:00,TMP,surface,-103.125,27.8739,287.877
2014-02-10 00:00:00,2014-02-10 00:00:00,TMP,surface,-102.188,27.8739,287.544
2014-02-10 00:00:00,2014-02-10 00:00:00,TMP,surface,-101.25,27.8739,288.85
2014-02-10 00:00:00,2014-02-10 00:00:00,TMP,surface,-100.313,27.8739,290.437
2014-02-10 00:00:00,2014-02-10 00:00:00,TMP,surface,-99.3754,27.8739,290.93
2014-02-10 00:00:00,2014-02-10 00:00:00,TMP,surface,-98.4379,27.8739,291.061
2014-02-10 00:00:00,2014-02-10 00:00:00,TMP,surface,-97.5004,27.8739,294.371
2014-02-10 00:00:00,2014-02-10 00:00:00,TMP,surface,-96.5629,27.8739,297.671
2014-02-10 00:00:00,2014-02-10 00:00:00,TMP,surface,-95.6254,27.8739,297.637
2014-02-10 00:00:00,2014-02-10 00:00:00,TMP,surface,-94.6879,27.8739,297.248
2014-02-10 00:00:00,2014-02-10 00:00:00,TMP,surface,-93.7504,27.8739,296.995
2014-02-10 00:00:00,2014-02-10 00:00:00,TMP,surface,-92.8129,27.8739,296.986
2014-02-10 00:00:00,2014-02-10 00:00:00,TMP,surface,-107.813,28.8188,283.146
2014-02-10 00:00:00,2014-02-10 00:00:00,TMP,surface,-106.875,28.8188,283.91
2014-02-10 00:00:00,2014-02-10 00:00:00,TMP,surface,-105.938,28.8188,287.021
2014-02-10 00:00:00,2014-02-10 00:00:00,TMP,surface,-105,28.8188,288.851
2014-02-10 00:00:00,2014-02-10 00:00:00,TMP,surface,-104.063,28.8188,287.901
2014-02-10 00:00:00,2014-02-10 00:00:00,TMP,surface,-103.125,28.8188,286.935
2014-02-10 00:00:00,2014-02-10 00:00:00,TMP,surface,-102.188,28.8188,287.203
2014-02-10 00:00:00,2014-02-10 00:00:00,TMP,surface,-101.25,28.8188,288.442
2014-02-10 00:00:00,2014-02-10 00:00:00,TMP,surface,-100.313,28.8188,289.112
2014-02-10 00:00:00,2014-02-10 00:00:00,TMP,surface,-99.3754,28.8188,288.81
2014-02-10 00:00:00,2014-02-10 00:00:00,TMP,surface,-98.4379,28.8188,288.762
2014-02-10 00:00:00,2014-02-10 00:00:00,TMP,surface,-97.5004,28.8188,289.522
2014-02-10 00:00:00,2014-02-10 00:00:00,TMP,surface,-96.5629,28.8188,290.661
2014-02-10 00:00:00,2014-02-10 00:00:00,TMP,surface,-95.6254,28.8188,293.498
2014-02-10 00:00:00,2014-02-10 00:00:00,TMP,surface,-94.6879,28.8188,296.976
2014-02-10 00:00:00,2014-02-10 00:00:00,TMP,surface,-93.7504,28.8188,296.783
2014-02-10 00:00:00,2014-02-10 00:00:00,TMP,surface,-92.8129,28.8188,296.787
2014-02-10 00:00:00,2014-02-10 00:00:00,TMP,surface,-107.813,29.7637,284.272
2014-02-10 00:00:00,2014-02-10 00:00:00,TMP,surface,-106.875,29.7637,285.342
2014-02-10 00:00:00,2014-02-10 00:00:00,TMP,surface,-105.938,29.7637,287.327
2014-02-10 00:00:00,2014-02-10 00:00:00,TMP,surface,-105,29.7637,287.357
2014-02-10 00:00:00,2014-02-10 00:00:00,TMP,surface,-104.063,29.7637,286.885
2014-02-10 00:00:00,2014-02-10 00:00:00,TMP,surface,-103.125,29.7637,287.047
2014-02-10 00:00:00,2014-02-10 00:00:00,TMP,surface,-102.188,29.7637,287.781
2014-02-10 00:00:00,2014-02-10 00:00:00,TMP,surface,-101.25,29.7637,288.075
2014-02-10 00:00:00,2014-02-10 00:00:00,TMP,surface,-100.313,29.7637,287.506
2014-02-10 00:00:00,2014-02-10 00:00:00,TMP,surface,-99.3754,29.7637,286.91
2014-02-10 00:00:00,2014-02-10 00:00:00,TMP,surface,-98.4379,29.7637,286.927
2014-02-10 00:00:00,2014-02-10 00:00:00,TMP,surface,-97.5004,29.7637,287.424
2014-02-10 00:00:00,2014-02-10 00:00:00,TMP,surface,-96.5629,29.7637,288.111
2014-02-10 00:00:00,2014-02-10 00:00:00,TMP,surface,-95.6254,29.7637,288.875
2014-02-10 00:00:00,2014-02-10 00:00:00,TMP,surface,-94.6879,29.7637,291.659
2014-02-10 00:00:00,2014-02-10 00:00:00,TMP,surface,-93.7504,29.7637,294.882
2014-02-10 00:00:00,2014-02-10 00:00:00,TMP,surface,-92.8129,29.7637,289.454
2014-02-10 00:00:00,2014-02-10 00:00:00,TMP,surface,-107.813,30.7085,285.824
2014-02-10 00:00:00,2014-02-10 00:00:00,TMP,surface,-106.875,30.7085,286.615
2014-02-10 00:00:00,2014-02-10 00:00:00,TMP,surface,-105.938,30.7085,286.669
2014-02-10 00:00:00,2014-02-10 00:00:00,TMP,surface,-105,30.7085,286.024
2014-02-10 00:00:00,2014-02-10 00:00:00,TMP,surface,-104.063,30.7085,285.835
2014-02-10 00:00:00,2014-02-10 00:00:00,TMP,surface,-103.125,30.7085,286.734
2014-02-10 00:00:00,2014-02-10 00:00:00,TMP,surface,-102.188,30.7085,287.546
2014-02-10 00:00:00,2014-02-10 00:00:00,TMP,surface,-101.25,30.7085,287.366
2014-02-10 00:00:00,2014-02-10 00:00:00,TMP,surface,-100.313,30.7085,286.65
2014-02-10 00:00:00,2014-02-10 00:00:00,TMP,surface,-99.3754,30.7085,286.213
2014-02-10 00:00:00,2014-02-10 00:00:00,TMP,surface,-98.4379,30.7085,286.28
2014-02-10 00:00:00,2014-02-10 00:00:00,TMP,surface,-97.5004,30.7085,286.541
2014-02-10 00:00:00,2014-02-10 00:00:00,TMP,surface,-96.5629,30.7085,286.739
2014-02-10 00:00:00,2014-02-10 00:00:00,TMP,surface,-95.6254,30.7085,286.862
2014-02-10 00:00:00,2014-02-10 00:00:00,TMP,surface,-94.6879,30.7085,286.888
2014-02-10 00:00:00,2014-02-10 00:00:00,TMP,surface,-93.7504,30.7085,286.651
2014-02-10 00:00:00,2014-02-10 00:00:00,TMP,surface,-92.8129,30.7085,286.168
2014-02-10 00:00:00,2014-02-10 00:00:00,TMP,surface,-107.813,31.6534,285.224
2014-02-10 00:00:00,2014-02-10 00:00:00,TMP,surface,-106.875,31.6534,285.626
2014-02-10 00:00:00,2014-02-10 00:00:00,TMP,surface,-105.938,31.6534,284.963
2014-02-10 00:00:00,2014-02-10 00:00:00,TMP,surface,-105,31.6534,284.632
2014-02-10 00:00:00,2014-02-10 00:00:00,TMP,surface,-104.063,31.6534,285.246
2014-02-10 00:00:00,2014-02-10 00:00:00,TMP,surface,-103.125,31.6534,286.285
2014-02-10 00:00:00,2014-02-10 00:00:00,TMP,surface,-102.188,31.6534,286.656
2014-02-10 00:00:00,2014-02-10 00:00:00,TMP,surface,-101.25,31.6534,286.496
2014-02-10 00:00:00,2014-02-10 00:00:00,TMP,surface,-100.313,31.6534,286.362
2014-02-10 00:00:00,2014-02-10 00:00:00,TMP,surface,-99.3754,31.6534,286.394
2014-02-10 00:00:00,2014-02-10 00:00:00,TMP,surface,-98.4379,31.6534,286.443
2014-02-10 00:00:00,2014-02-10 00:00:00,TMP,surface,-97.5004,31.6534,286.299
2014-02-10 00:00:00,2014-02-10 00:00:00,TMP,surface,-96.5629,31.6534,286.091
2014-02-10 00:00:00,2014-02-10 00:00:00,TMP,surface,-95.6254,31.6534,285.872
2014-02-10 00:00:00,2014-02-10 00:00:00,TMP,surface,-94.6879,31.6534,285.483
2014-02-10 00:00:00,2014-02-10 00:00:00,TMP,surface,-93.7504,31.6534,285.13
2014-02-10 00:00:00,2014-02-10 00:00:00,TMP,surface,-92.8129,31.6534,284.999
2014-02-10 00:00:00,2014-02-10 00:00:00,TMP,surface,-107.813,32.5983,282.587
2014-02-10 00:00:00,2014-02-10 00:00:00,TMP,surface,-106.875,32.5983,282.879
2014-02-10 00:00:00,2014-02-10 00:00:00,TMP,surface,-105.938,32.5983,282.987
2014-02-10 00:00:00,2014-02-10 00:00:00,TMP,surface,-105,32.5983,283.392
2014-02-10 00:00:00,2014-02-10 00:00:00,TMP,surface,-104.063,32.5983,284.603
2014-02-10 00:00:00,2014-02-10 00:00:00,TMP,surface,-103.125,32.5983,285.414
2014-02-10 00:00:00,2014-02-10 00:00:00,TMP,surface,-102.188,32.5983,285.543
2014-02-10 00:00:00,2014-02-10 00:00:00,TMP,surface,-101.25,32.5983,285.581
2014-02-10 00:00:00,2014-02-10 00:00:00,TMP,surface,-100.313,32.5983,285.989
2014-02-10 00:00:00,2014-02-10 00:00:00,TMP,surface,-99.3754,32.5983,286.475
2014-02-10 00:00:00,2014-02-10 00:00:00,TMP,surface,-98.4379,32.5983,286.499
2014-02-10 00:00:00,2014-02-10 00:00:00,TMP,surface,-97.5004,32.5983,286.088
2014-02-10 00:00:00,2014-02-10 00:00:00,TMP,surface,-96.5629,32.5983,285.648
2014-02-10 00:00:00,2014-02-10 00:00:00,TMP,surface,-95.6254,32.5983,285.253
2014-02-10 00:00:00,2014-02-10 00:00:00,TMP,surface,-94.6879,32.5983,284.763
2014-02-10 00:00:00,2014-02-10 00:00:00,TMP,surface,-93.7504,32.5983,284.478
2014-02-10 00:00:00,2014-02-10 00:00:00,TMP,surface,-92.8129,32.5983,284.749
2014-02-10 00:00:00,2014-02-10 00:00:00,TMP,surface,-107.813,33.5432,279.595
2014-02-10 00:00:00,2014-02-10 00:00:00,TMP,surface,-106.875,33.5432,280.954
2014-02-10 00:00:00,2014-02-10 00:00:00,TMP,surface,-105.938,33.5432,281.634
2014-02-10 00:00:00,2014-02-10 00:00:00,TMP,surface,-105,33.5432,282.448
2014-02-10 00:00:00,2014-02-10 00:00:00,TMP,surface,-104.063,33.5432,283.749
2014-02-10 00:00:00,2014-02-10 00:00:00,TMP,surface,-103.125,33.5432,284.344
2014-02-10 00:00:00,2014-02-10 00:00:00,TMP,surface,-102.188,33.5432,284.19
2014-02-10 00:00:00,2014-02-10 00:00:00,TMP,surface,-101.25,33.5432,284.395
2014-02-10 00:00:00,2014-02-10 00:00:00,TMP,surface,-100.313,33.5432,285.101
2014-02-10 00:00:00,2014-02-10 00:00:00,TMP,surface,-99.3754,33.5432,285.779
2014-02-10 00:00:00,2014-02-10 00:00:00,TMP,surface,-98.4379,33.5432,285.854
2014-02-10 00:00:00,2014-02-10 00:00:00,TMP,surface,-97.5004,33.5432,285.288
2014-02-10 00:00:00,2014-02-10 00:00:00,TMP,surface,-96.5629,33.5432,284.627
2014-02-10 00:00:00,2014-02-10 00:00:00,TMP,surface,-95.6254,33.5432,284.192
2014-02-10 00:00:00,2014-02-10 00:00:00,TMP,surface,-94.6879,33.5432,283.813
2014-02-10 00:00:00,2014-02-10 00:00:00,TMP,surface,-93.7504,33.5432,283.573
2014-02-10 00:00:00,2014-02-10 00:00:00,TMP,surface,-92.8129,33.5432,283.792
2014-02-10 00:00:00,2014-02-10 00:00:00,TMP,surface,-107.813,34.4881,277.939
2014-02-10 00:00:00,2014-02-10 00:00:00,TMP,surface,-106.875,34.4881,279.23
2014-02-10 00:00:00,2014-02-10 00:00:00,TMP,surface,-105.938,34.4881,279.951
2014-02-10 00:00:00,2014-02-10 00:00:00,TMP,surface,-105,34.4881,281.053
2014-02-10 00:00:00,2014-02-10 00:00:00,TMP,surface,-104.063,34.4881,281.963
2014-02-10 00:00:00,2014-02-10 00:00:00,TMP,surface,-103.125,34.4881,282.515
2014-02-10 00:00:00,2014-02-10 00:00:00,TMP,surface,-102.188,34.4881,282.795
2014-02-10 00:00:00,2014-02-10 00:00:00,TMP,surface,-101.25,34.4881,283.168
2014-02-10 00:00:00,2014-02-10 00:00:00,TMP,surface,-100.313,34.4881,283.879
2014-02-10 00:00:00,2014-02-10 00:00:00,TMP,surface,-99.3754,34.4881,284.487
2014-02-10 00:00:00,2014-02-10 00:00:00,TMP,surface,-98.4379,34.4881,284.552
2014-02-10 00:00:00,2014-02-10 00:00:00,TMP,surface,-97.5004,34.4881,284.25
2014-02-10 00:00:00,2014-02-10 00:00:00,TMP,surface,-96.5629,34.4881,283.823
2014-02-10 00:00:00,2014-02-10 00:00:00,TMP,surface,-95.6254,34.4881,283.154
2014-02-10 00:00:00,2014-02-10 00:00:00,TMP,surface,-94.6879,34.4881,282.341
2014-02-10 00:00:00,2014-02-10 00:00:00,TMP,surface,-93.7504,34.4881,281.947
2014-02-10 00:00:00,2014-02-10 00:00:00,TMP,surface,-92.8129,34.4881,282.23
2014-02-10 00:00:00,2014-02-10 00:00:00,TMP,surface,-107.813,35.4329,277.437
2014-02-10 00:00:00,2014-02-10 00:00:00,TMP,surface,-106.875,35.4329,277.8
2014-02-10 00:00:00,2014-02-10 00:00:00,TMP,surface,-105.938,35.4329,278.271
2014-02-10 00:00:00,2014-02-10 00:00:00,TMP,surface,-105,35.4329,279.224
2014-02-10 00:00:00,2014-02-10 00:00:00,TMP,surface,-104.063,35.4329,280.904
2014-02-10 00:00:00,2014-02-10 00:00:00,TMP,surface,-103.125,35.4329,281.986
2014-02-10 00:00:00,2014-02-10 00:00:00,TMP,surface,-102.188,35.4329,282.096
2014-02-10 00:00:00,2014-02-10 00:00:00,TMP,surface,-101.25,35.4329,282.291
2014-02-10 00:00:00,2014-02-10 00:00:00,TMP,surface,-100.313,35.4329,282.776
2014-02-10 00:00:00,2014-02-10 00:00:00,TMP,surface,-99.3754,35.4329,283.139
2014-02-10 00:00:00,2014-02-10 00:00:00,TMP,surface,-98.4379,35.4329,283.328
2014-02-10 00:00:00,2014-02-10 00:00:00,TMP,surface,-97.5004,35.4329,283.538
2014-02-10 00:00:00,2014-02-10 00:00:00,TMP,surface,-96.5629,35.4329,283.541
2014-02-10 00:00:00,2014-02-10 00:00:00,TMP,surface,-95.6254,35.4329,283.024
2014-02-10 00:00:00,2014-02-10 00:00:00,TMP,surface,-94.6879,35.4329,282.133
2014-02-10 00:00:00,2014-02-10 00:00:00,TMP,surface,-93.7504,35.4329,281.286
2014-02-10 00:00:00,2014-02-10 00:00:00,TMP,surface,-92.8129,35.4329,281.048
2014-02-10 00:00:00,2014-02-10 00:00:00,TMP,surface,-107.813,36.3778,276.381
2014-02-10 00:00:00,2014-02-10 00:00:00,TMP,surface,-106.875,36.3778,274.938
2014-02-10 00:00:00,2014-02-10 00:00:00,TMP,surface,-105.938,36.3778,275.827
2014-02-10 00:00:00,2014-02-10 00:00:00,TMP,surface,-105,36.3778,277.218
2014-02-10 00:00:00,2014-02-10 00:00:00,TMP,surface,-104.063,36.3778,279.091
2014-02-10 00:00:00,2014-02-10 00:00:00,TMP,surface,-103.125,36.3778,280.253
2014-02-10 00:00:00,2014-02-10 00:00:00,TMP,surface,-102.188,36.3778,280.901
2014-02-10 00:00:00,2014-02-10 00:00:00,TMP,surface,-101.25,36.3778,281.477
2014-02-10 00:00:00,2014-02-10 00:00:00,TMP,surface,-100.313,36.3778,282.279
2014-02-10 00:00:00,2014-02-10 00:00:00,TMP,surface,-99.3754,36.3778,282.823
2014-02-10 00:00:00,2014-02-10 00:00:00,TMP,surface,-98.4379,36.3778,282.779
2014-02-10 00:00:00,2014-02-10 00:00:00,TMP,surface,-97.5004,36.3778,282.91
2014-02-10 00:00:00,2014-02-10 00:00:00,TMP,surface,-96.5629,36.3778,283.152
2014-02-10 00:00:00,2014-02-10 00:00:00,TMP,surface,-95.6254,36.3778,282.744
2014-02-10 00:00:00,2014-02-10 00:00:00,TMP,surface,-94.6879,36.3778,281.757
2014-02-10 00:00:00,2014-02-10 00:00:00,TMP,surface,-93.7504,36.3778,280.754
2014-02-10 00:00:00,2014-02-10 00:00:00,TMP,surface,-92.8129,36.3778,280.398
2014-02-10 00:00:00,2014-02-10 00:00:00,PRATE,surface,-107.813,25.0393,1.72e-05
2014-02-10 00:00:00,2014-02-10 00:00:00,PRATE,surface,-106.875,25.0393,3.47e-05
2014-02-10 00:00:00,2014-02-10 00:00:00,PRATE,surface,-105.938,25.0393,2.89e-05
2014-02-10 00:00:00,2014-02-10 00:00:00,PRATE,surface,-105,25.0393,1.54e-05
2014-02-10 00:00:00,2014-02-10 00:00:00,PRATE,surface,-104.063,25.0393,6.8e-06
2014-02-10 00:00:00,2014-02-10 00:00:00,PRATE,surface,-103.125,25.0393,2.6e-06
2014-02-10 00:00:00,2014-02-10 00:00:00,PRATE,surface,-102.188,25.0393,3.5e-06
2014-02-10 00:00:00,2014-02-10 00:00:00,PRATE,surface,-101.25,25.0393,1.45e-05
2014-02-10 00:00:00,2014-02-10 00:00:00,PRATE,surface,-100.313,25.0393,2.99e-05
2014-02-10 00:00:00,2014-02-10 00:00:00,PRATE,surface,-99.3754,25.0393,3.7e-05
2014-02-10 00:00:00,2014-02-10 00:00:00,PRATE,surface,-98.4379,25.0393,4.6e-05
2014-02-10 00:00:00,2014-02-10 00:00:00,PRATE,surface,-97.5004,25.0393,6.55e-05
2014-02-10 00:00:00,2014-02-10 00:00:00,PRATE,surface,-96.5629,25.0393,6.99e-05
2014-02-10 00:00:00,2014-02-10 00:00:00,PRATE,surface,-95.6254,25.0393,9.03e-05
2014-02-10 00:00:00,2014-02-10 00:00:00,PRATE,surface,-94.6879,25.0393,6.08e-05
2014-02-10 00:00:00,2014-02-10 00:00:00,PRATE,surface,-93.7504,25.0393,5.72e-05
2014-02-10 00:00:00,2014-02-10 00:00:00,PRATE,surface,-92.8129,25.0393,6.71e-05
2014-02-10 00:00:00,2014-02-10 00:00:00,PRATE,surface,-107.813,25.9842,3.13e-05
2014-02-10 00:00:00,2014-02-10 00:00:00,PRATE,surface,-106.875,25.9842,2.87e-05
2014-02-10 00:00:00,2014-02-10 00:00:00,PRATE,surface,-105.938,25.9842,2.38e-05
2014-02-10 00:00:00,2014-02-10 00:00:00,PRATE,surface,-105,25.9842,1.43e-05
2014-02-10 00:00:00,2014-02-10 00:00:00,PRATE,surface,-104.063,25.9842,3.5e-06
2014-02-10 00:00:00,2014-02-10 00:00:00,PRATE,surface,-103.125,25.9842,1.8e-06
2014-02-10 00:00:00,2014-02-10 00:00:00,PRATE,surface,-102.188,25.9842,4.3e-06
2014-02-10 00:00:00,2014-02-10 00:00:00,PRATE,surface,-101.25,25.9842,1.53e-05
2014-02-10 00:00:00,2014-02-10 00:00:00,PRATE,surface,-100.313,25.9842,3.12e-05
2014-02-10 00:00:00,2014-02-10 00:00:00,PRATE,surface,-99.3754,25.9842,2.52e-05
2014-02-10 00:00:00,2014-02-10 00:00:00,PRATE,surface,-98.4379,25.9842,4.19e-05
2014-02-10 00:00:00,2014-02-10 00:00:00,PRATE,surface,-97.5004,25.9842,7.43e-05
2014-02-10 00:00:00,2014-02-10 00:00:00,PRATE,surface,-96.5629,25.9842,9.94e-05
2014-02-10 00:00:00,2014-02-10 00:00:00,PRATE,surface,-95.6254,25.9842,0.0001036
2014-02-10 00:00:00,2014-02-10 00:00:00,PRATE,surface,-94.6879,25.9842,8.06e-05
2014-02-10 00:00:00,2014-02-10 00:00:00,PRATE,surface,-93.7504,25.9842,7.85e-05
2014-02-10 00:00:00,2014-02-10 00:00:00,PRATE,surface,-92.8129,25.9842,8.98e-05
2014-02-10 00:00:00,2014-02-10 00:00:00,PRATE,surface,-107.813,26.929,3.58e-05
2014-02-10 00:00:00,2014-02-10 00:00:00,PRATE,surface,-106.875,26.929,2.51e-05
2014-02-10 00:00:00,2014-02-10 00:00:00,PRATE,surface,-105.938,26.929,1.6e-05
2014-02-10 00:00:00,2014-02-10 00:00:00,PRATE,surface,-105,26.929,9.6e-06
2014-02-10 00:00:00,2014-02-10 00:00:00,PRATE,surface,-104.063,26.929,7e-06
2014-02-10 00:00:00,2014-02-10 00:00:00,PRATE,surface,-103.125,26.929,5.9e-06
2014-02-10 00:00:00,2014-02-10 00:00:00,PRATE,surface,-102.188,26.929,9.9e-06
2014-02-10 00:00:00,2014-02-10 00:00:00,PRATE,surface,-101.25,26.929,1.86e-05
2014-02-10 00:00:00,2014-02-10 00:00:00,PRATE,surface,-100.313,26.929,1.83e-05
2014-02-10 00:00:00,2014-02-10 00:00:00,PRATE,surface,-99.3754,26.929,1.44e-05
2014-02-10 00:00:00,2014-02-10 00:00:00,PRATE,surface,-98.4379,26.929,4.58e-05
2014-02-10 00:00:00,2014-02-10 00:00:00,PRATE,surface,-97.5004,26.929,8.66e-05
2014-02-10 00:00:00,2014-02-10 00:00:00,PRATE,surface,-96.5629,26.929,8.48e-05
2014-02-10 00:00:00,2014-02-10 00:00:00,PRATE,surface,-95.6254,26.929,6.09e-05
2014-02-10 00:00:00,2014-02-10 00:00:00,PRATE,surface,-94.6879,26.929,5.15e-05
2014-02-10 00:00:00,2014-02-10 00:00:00,PRATE,surface,-93.7504,26.929,6.13e-05
2014-02-10 00:00:00,2014-02-10 00:00:00,PRATE,surface,-92.8129,26.929,8.55e-05
2014-02-10 00:00:00,2014-02-10 00:00:00,PRATE,surface,-107.813,27.8739,3.97e-05
2014-02-10 00:00:00,2014-02-10 00:00:00,PRATE,surface,-106.875,27.8739,3e-05
2014-02-10 00:00:00,2014-02-10 00:00:00,PRATE,surface,-105.938,27.8739,1.31e-05
2014-02-10 00:00:00,2014-02-10 00:00:00,PRATE,surface,-105,27.8739,1.25e-05
2014-02-10 00:00:00,2014-02-10 00:00:00,PRATE,surface,-104.063,27.8739,1.45e-05
2014-02-10 00:00:00,2014-02-10 00:00:00,PRATE,surface,-103.125,27.8739,2.03e-05
2014-02-10 00:00:00,2014-02-10 00:00:00,PRATE,surface,-102.188,27.8739,2.24e-05
2014-02-10 00:00:00,2014-02-10 00:00:00,PRATE,surface,-101.25,27.8739,1.59e-05
2014-02-10 00:00:00,2014-02-10 00:00:00,PRATE,surface,-100.313,27.8739,9.8e-06
2014-02-10 00:00:00,2014-02-10 00:00:00,PRATE,surface,-99.3754,27.8739,1.13e-05
2014-02-10 00:00:00,2014-02-10 00:00:00,PRATE,surface,-98.4379,27.8739,3.08e-05
2014-02-10 00:00:00,2014-02-10 00:00:00,PRATE,surface,-97.5004,27.8739,4.82e-05
2014-02-10 00:00:00,2014-02-10 00:00:00,PRATE,surface,-96.5629,27.8739,4.73e-05
2014-02-10 00:00:00,2014-02-10 00:00:00,PRATE,surface,-95.6254,27.8739,3.83e-05
2014-02-10 00:00:00,2014-02-10 00:00:00,PRATE,surface,-94.6879,27.8739,3.62e-05
2014-02-10 00:00:00,2014-02-10 00:00:00,PRATE,surface,-93.7504,27.8739,4.68e-05
2014-02-10 00:00:00,2014-02-10 00:00:00,PRATE,surface,-92.8129,27.8739,6e-05
2014-02-10 00:00:00,2014-02-10 00:00:00,PRATE,surface,-107.813,28.8188,3.43e-05
2014-02-10 00:00:00,2014-02-10 00:00:00,PRATE,surface,-106.875,28.8188,2.38e-05
2014-02-10 00:00:00,2014-02-10 00:00:00,PRATE,surface,-105.938,28.8188,1.75e-05
2014-02-10 00:00:00,2014-02-10 00:00:00,PRATE,surface,-105,28.8188,1.42e-05
2014-02-10 00:00:00,2014-02-10 00:00:00,PRATE,surface,-104.063,28.8188,1.7e-05
2014-02-10 00:00:00,2014-02-10 00:00:00,PRATE,surface,-103.125,28.8188,2.03e-05
2014-02-10 00:00:00,2014-02-10 00:00:00,PRATE,surface,-102.188,28.8188,1.75e-05
2014-02-10 00:00:00,2014-02-10 00:00:00,PRATE,surface,-101.25,28.8188,1.21e-05
2014-02-10 00:00:00,2014-02-10 00:00:00,PRATE,surface,-100.313,28.8188,7.6e-06
2014-02-10 00:00:00,2014-02-10 00:00:00,PRATE,surface,-99.3754,28.8188,1.11e-05
2014-02-10 00:00:00,2014-02-10 00:00:00,PRATE,surface,-98.4379,28.8188,2.65e-05
2014-02-10 00:00:00,2014-02-10 00:00:00,PRATE,surface,-97.5004,28.8188,3.82e-05
2014-02-10 00:00:00,2014-02-10 00:00:00,PRATE,surface,-96.5629,28.8188,3.73e-05
2014-02-10 00:00:00,2014-02-10 00:00:00,PRATE,surface,-95.6254,28.8188,3.5e-05
2014-02-10 00:00:00,2014-02-10 00:00:00,PRATE,surface,-94.6879,28.8188,3.33e-05
2014-02-10 00:00:00,2014-02-10 00:00:00,PRATE,surface,-93.7504,28.8188,2.59e-05
2014-02-10 00:00:00,2014-02-10 00:00:00,PRATE,surface,-92.8129,28.8188,2.89e-05
2014-02-10 00:00:00,2014-02-10 00:00:00,PRATE,surface,-107.813,29.7637,2.46e-05
2014-02-10 00:00:00,2014-02-10 00:00:00,PRATE,surface,-106.875,29.7637,2.64e-05
2014-02-10 00:00:00,2014-02-10 00:00:00,PRATE,surface,-105.938,29.7637,3.16e-05
2014-02-10 00:00:00,2014-02-10 00:00:00,PRATE,surface,-105,29.7637,2.77e-05
2014-02-10 00:00:00,2014-02-10 00:00:00,PRATE,surface,-104.063,29.7637,3.1e-05
2014-02-10 00:00:00,2014-02-10 00:00:00,PRATE,surface,-103.125,29.7637,2.24e-05
2014-02-10 00:00:00,2014-02-10 00:00:00,PRATE,surface,-102.188,29.7637,1.18e-05
2014-02-10 00:00:00,2014-02-10 00:00:00,PRATE,surface,-101.25,29.7637,8e-06
2014-02-10 00:00:00,2014-02-10 00:00:00,PRATE,surface,-100.313,29.7637,7.9e-06
2014-02-10 00:00:00,2014-02-10 00:00:00,PRATE,surface,-99.3754,29.7637,1.3e-05
2014-02-10 00:00:00,2014-02-10 00:00:00,PRATE,surface,-98.4379,29.7637,2.32e-05
2014-02-10 00:00:00,2014-02-10 00:00:00,PRATE,surface,-97.5004,29.7637,3.52e-05
2014-02-10 00:00:00,2014-02-10 00:00:00,PRATE,surface,-96.5629,29.7637,3.97e-05
2014-02-10 00:00:00,2014-02-10 00:00:00,PRATE,surface,-95.6254,29.7637,3.75e-05
2014-02-10 00:00:00,2014-02-10 00:00:00,PRATE,surface,-94.6879,29.7637,3.5e-05
2014-02-10 00:00:00,2014-02-10 00:00:00,PRATE,surface,-93.7504,29.7637,2.71e-05
2014-02-10 00:00:00,2014-02-10 00:00:00,PRATE,surface,-92.8129,29.7637,2.34e-05
2014-02-10 00:00:00,2014-02-10 00:00:00,PRATE,surface,-107.813,30.7085,1.92e-05
2014-02-10 00:00:00,2014-02-10 00:00:00,PRATE,surface,-106.875,30.7085,2.18e-05
2014-02-10 00:00:00,2014-02-10 00:00:00,PRATE,surface,-105.938,30.7085,2.81e-05
2014-02-10 00:00:00,2014-02-10 00:00:00,PRATE,surface,-105,30.7085,2.95e-05
2014-02-10 00:00:00,2014-02-10 00:00:00,PRATE,surface,-104.063,30.7085,2.99e-05
2014-02-10 00:00:00,2014-02-10 00:00:00,PRATE,surface,-103.125,30.7085,2.28e-05
2014-02-10 00:00:00,2014-02-10 00:00:00,PRATE,surface,-102.188,30.7085,1.2e-05
2014-02-10 00:00:00,2014-02-10 00:00:00,PRATE,surface,-101.25,30.7085,8.9e-06
2014-02-10 00:00:00,2014-02-10 00:00:00,PRATE,surface,-100.313,30.7085,9e-06
2014-02-10 00:00:00,2014-02-10 00:00:00,PRATE,surface,-99.3754,30.7085,1.19e-05
2014-02-10 00:00:00,2014-02-10 00:00:00,PRATE,surface,-98.4379,30.7085,1.62e-05
2014-02-10 00:00:00,2014-02-10 00:00:00,PRATE,surface,-97.5004,30.7085,1.99e-05
2014-02-10 00:00:00,2014-02-10 00:00:00,PRATE,surface,-96.5629,30.7085,2.53e-05
2014-02-10 00:00:00,2014-02-10 00:00:00,PRATE,surface,-95.6254,30.7085,3.05e-05
2014-02-10 00:00:00,2014-02-10 00:00:00,PRATE,surface,-94.6879,30.7085,3.12e-05
2014-02-10 00:00:00,2014-02-10 00:00:00,PRATE,surface,-93.7504,30.7085,3.09e-05
2014-02-10 00:00:00,2014-02-10 00:00:00,PRATE,surface,-92.8129,30.7085,2.83e-05
2014-02-10 00:00:00,2014-02-10 00:00:00,PRATE,surface,-107.813,31.6534,1.69e-05
2014-02-10 00:00:00,2014-02-10 00:00:00,PRATE,surface,-106.875,31.6534,1.75e-05
2014-02-10 00:00:00,2014-02-10 00:00:00,PRATE,surface,-105.938,31.6534,1.72e-05
2014-02-10 00:00:00,2014-02-10 00:00:00,PRATE,surface,-105,31.6534,1.89e-05
2014-02-10 00:00:00,2014-02-10 00:00:00,PRATE,surface,-104.063,31.6534,1.76e-05
2014-02-10 00:00:00,2014-02-10 00:00:00,PRATE,surface,-103.125,31.6534,1.53e-05
2014-02-10 00:00:00,2014-02-10 00:00:00,PRATE,surface,-102.188,31.6534,1.52e-05
2014-02-10 00:00:00,2014-02-10 00:00:00,PRATE,surface,-101.25,31.6534,1.26e-05
2014-02-10 00:00:00,2014-02-10 00:00:00,PRATE,surface,-100.313,31.6534,1.06e-05
2014-02-10 00:00:00,2014-02-10 00:00:00,PRATE,surface,-99.3754,31.6534,1.22e-05
2014-02-10 00:00:00,2014-02-10 00:00:00,PRATE,surface,-98.4379,31.6534,1.62e-05
2014-02-10 00:00:00,2014-02-10 00:00:00,PRATE,surface,-97.5004,31.6534,2.22e-05
2014-02-10 00:00:00,2014-02-10 00:00:00,PRATE,surface,-96.5629,31.6534,2.85e-05
2014-02-10 00:00:00,2014-02-10 00:00:00,PRATE,surface,-95.6254,31.6534,2.92e-05
2014-02-10 00:00:00,2014-02-10 00:00:00,PRATE,surface,-94.6879,31.6534,2.63e-05
2014-02-10 00:00:00,2014-02-10 00:00:00,PRATE,surface,-93.7504,31.6534,2.68e-05
2014-02-10 00:00:00,2014-02-10 00:00:00,PRATE,surface,-92.8129,31.6534,2.25e-05
2014-02-10 00:00:00,2014-02-10 00:00:00,PRATE,surface,-107.813,32.5983,1.28e-05
2014-02-10 00:00:00,2014-02-10 00:00:00,PRATE,surface,-106.875,32.5983,9.6e-06
2014-02-10 00:00:00,2014-02-10 00:00:00,PRATE,surface,-105.938,32.5983,7.9e-06
2014-02-10 00:00:00,2014-02-10 00:00:00,PRATE,surface,-105,32.5983,9.1e-06
2014-02-10 00:00:00,2014-02-10 00:00:00,PRATE,surface,-104.063,32.5983,1.21e-05
2014-02-10 00:00:00,2014-02-10 00:00:00,PRATE,surface,-103.125,32.5983,1.77e-05
2014-02-10 00:00:00,2014-02-10 00:00:00,PRATE,surface,-102.188,32.5983,2.52e-05
2014-02-10 00:00:00,2014-02-10 00:00:00,PRATE,surface,-101.25,32.5983,2.49e-05
2014-02-10 00:00:00,2014-02-10 00:00:00,PRATE,surface,-100.313,32.5983,1.88e-05
2014-02-10 00:00:00,2014-02-10 00:00:00,PRATE,surface,-99.3754,32.5983,1.25e-05
2014-02-10 00:00:00,2014-02-10 00:00:00,PRATE,surface,-98.4379,32.5983,1.25e-05
2014-02-10 00:00:00,2014-02-10 00:00:00,PRATE,surface,-97.5004,32.5983,1.94e-05
2014-02-10 00:00:00,2014-02-10 00:00:00,PRATE,surface,-96.5629,32.5983,2.72e-05
2014-02-10 00:00:00,2014-02-10 00:00:00,PRATE,surface,-95.6254,32.5983,3.22e-05
2014-02-10 00:00:00,2014-02-10 00:00:00,PRATE,surface,-94.6879,32.5983,3.18e-05
2014-02-10 00:00:00,2014-02-10 00:00:00,PRATE,surface,-93.7504,32.5983,2.44e-05
2014-02-10 00:00:00,2014-02-10 00:00:00,PRATE,surface,-92.8129,32.5983,2.19e-05
2014-02-10 00:00:00,2014-02-10 00:00:00,PRATE,surface,-107.813,33.5432,1.19e-05
2014-02-10 00:00:00,2014-02-10 00:00:00,PRATE,surface,-106.875,33.5432,6.5e-06
2014-02-10 00:00:00,2014-02-10 00:00:00,PRATE,surface,-105.938,33.5432,5.2e-06
2014-02-10 00:00:00,2014-02-10 00:00:00,PRATE,surface,-105,33.5432,8.7e-06
2014-02-10 00:00:00,2014-02-10 00:00:00,PRATE,surface,-104.063,33.5432,1.19e-05
2014-02-10 00:00:00,2014-02-10 00:00:00,PRATE,surface,-103.125,33.5432,2.36e-05
2014-02-10 00:00:00,2014-02-10 00:00:00,PRATE,surface,-102.188,33.5432,3.39e-05
2014-02-10 00:00:00,2014-02-10 00:00:00,PRATE,surface,-101.25,33.5432,3.52e-05
2014-02-10 00:00:00,2014-02-10 00:00:00,PRATE,surface,-100.313,33.5432,2.72e-05
2014-02-10 00:00:00,2014-02-10 00:00:00,PRATE,surface,-99.3754,33.5432,1.71e-05
2014-02-10 00:00:00,2014-02-10 00:00:00,PRATE,surface,-98.4379,33.5432,1.28e-05
2014-02-10 00:00:00,2014-02-10 00:00:00,PRATE,surface,-97.5004,33.5432,1.86e-05
2014-02-10 00:00:00,2014-02-10 00:00:00,PRATE,surface,-96.5629,33.5432,2.74e-05
2014-02-10 00:00:00,2014-02-10 00:00:00,PRATE,surface,-95.6254,33.5432,3.18e-05
2014-02-10 00:00:00,2014-02-10 00:00:00,PRATE,surface,-94.6879,33.5432,3.33e-05
2014-02-10 00:00:00,2014-02-10 00:00:00,PRATE,surface,-93.7504,33.5432,3.04e-05
2014-02-10 00:00:00,2014-02-10 00:00:00,PRATE,surface,-92.8129,33.5432,2.3e-05
2014-02-10 00:00:00,2014-02-10 00:00:00,PRATE,surface,-107.813,34.4881,1.06e-05
2014-02-10 00:00:00,2014-02-10 00:00:00,PRATE,surface,-106.875,34.4881,9.9e-06
2014-02-10 00:00:00,2014-02-10 00:00:00,PRATE,surface,-105.938,34.4881,1.11e-05
2014-02-10 00:00:00,2014-02-10 00:00:00,PRATE,surface,-105,34.4881,1.37e-05
2014-02-10 00:00:00,2014-02-10 00:00:00,PRATE,surface,-104.063,34.4881,1.88e-05
2014-02-10 00:00:00,2014-02-10 00:00:00,PRATE,surface,-103.125,34.4881,2.58e-05
2014-02-10 00:00:00,2014-02-10 00:00:00,PRATE,surface,-102.188,34.4881,3.42e-05
2014-02-10 00:00:00,2014-02-10 00:00:00,PRATE,surface,-101.25,34.4881,3.88e-05
2014-02-10 00:00:00,2014-02-10 00:00:00,PRATE,surface,-100.313,34.4881,2.85e-05
2014-02-10 00:00:00,2014-02-10 00:00:00,PRATE,surface,-99.3754,34.4881,1.73e-05
2014-02-10 00:00:00,2014-02-10 00:00:00,PRATE,surface,-98.4379,34.4881,1.58e-05
2014-02-10 00:00:00,2014-02-10 00:00:00,PRATE,surface,-97.5004,34.4881,1.75e-05
2014-02-10 00:00:00,2014-02-10 00:00:00,PRATE,surface,-96.5629,34.4881,1.92e-05
2014-02-10 00:00:00,2014-02-10 00:00:00,PRATE,surface,-95.6254,34.4881,2.47e-05
2014-02-10 00:00:00,2014-02-10 00:00:00,PRATE,surface,-94.6879,34.4881,3.19e-05
2014-02-10 00:00:00,2014-02-10 00:00:00,PRATE,surface,-93.7504,34.4881,3.75e-05
2014-02-10 00:00:00,2014-02-10 00:00:00,PRATE,surface,-92.8129,34.4881,3.79e-05
2014-02-10 00:00:00,2014-02-10 00:00:00,PRATE,surface,-107.813,35.4329,1.16e-05
2014-02-10 00:00:00,2014-02-10 00:00:00,PRATE,surface,-106.875,35.4329,1.2e-05
2014-02-10 00:00:00,2014-02-10 00:00:00,PRATE,surface,-105.938,35.4329,1.19e-05
2014-02-10 00:00:00,2014-02-10 00:00:00,PRATE,surface,-105,35.4329,1.32e-05
2014-02-10 00:00:00,2014-02-10 00:00:00,PRATE,surface,-104.063,35.4329,1.55e-05
2014-02-10 00:00:00,2014-02-10 00:00:00,PRATE,surface,-103.125,35.4329,1.75e-05
2014-02-10 00:00:00,2014-02-10 00:00:00,PRATE,surface,-102.188,35.4329,2.17e-05
2014-02-10 00:00:00,2014-02-10 00:00:00,PRATE,surface,-101.25,35.4329,2.49e-05
2014-02-10 00:00:00,2014-02-10 00:00:00,PRATE,surface,-100.313,35.4329,2.38e-05
2014-02-10 00:00:00,2014-02-10 00:00:00,PRATE,surface,-99.3754,35.4329,1.71e-05
2014-02-10 00:00:00,2014-02-10 00:00:00,PRATE,surface,-98.4379,35.4329,1.52e-05
2014-02-10 00:00:00,2014-02-10 00:00:00,PRATE,surface,-97.5004,35.4329,1.73e-05
2014-02-10 00:00:00,2014-02-10 00:00:00,PRATE,surface,-96.5629,35.4329,1.78e-05
2014-02-10 00:00:00,2014-02-10 00:00:00,PRATE,surface,-95.6254,35.4329,1.81e-05
2014-02-10 00:00:00,2014-02-10 00:00:00,PRATE,surface,-94.6879,35.4329,2.32e-05
2014-02-10 00:00:00,2014-02-10 00:00:00,PRATE,surface,-93.7504,35.4329,3.42e-05
2014-02-10 00:00:00,2014-02-10 00:00:00,PRATE,surface,-92.8129,35.4329,4.4e-05
2014-02-10 00:00:00,2014-02-10 00:00:00,PRATE,surface,-107.813,36.3778,8.1e-06
2014-02-10 00:00:00,2014-02-10 00:00:00,PRATE,surface,-106.875,36.3778,8.8e-06
2014-02-10 00:00:00,2014-02-10 00:00:00,PRATE,surface,-105.938,36.3778,8.1e-06
2014-02-10 00:00:00,2014-02-10 00:00:00,PRATE,surface,-105,36.3778,9.3e-06
2014-02-10 00:00:00,2014-02-10 00:00:00,PRATE,surface,-104.063,36.3778,1.71e-05
2014-02-10 00:00:00,2014-02-10 00:00:00,PRATE,surface,-103.125,36.3778,2.16e-05
2014-02-10 00:00:00,2014-02-10 00:00:00,PRATE,surface,-102.188,36.3778,1.95e-05
2014-02-10 00:00:00,2014-02-10 00:00:00,PRATE,surface,-101.25,36.3778,1.82e-05
2014-02-10 00:00:00,2014-02-10 00:00:00,PRATE,surface,-100.313,36.3778,1.71e-05
2014-02-10 00:00:00,2014-02-10 00:00:00,PRATE,surface,-99.3754,36.3778,1.28e-05
2014-02-10 00:00:00,2014-02-10 00:00:00,PRATE,surface,-98.4379,36.3778,1.2e-05
2014-02-10 00:00:00,2014-02-10 00:00:00,PRATE,surface,-97.5004,36.3778,1.18e-05
2014-02-10 00:00:00,2014-02-10 00:00:00,PRATE,surface,-96.5629,36.3778,1.19e-05
2014-02-10 00:00:00,2014-02-10 00:00:00,PRATE,surface,-95.6254,36.3778,1.41e-05
2014-02-10 00:00:00,2014-02-10 00:00:00,PRATE,surface,-94.6879,36.3778,1.7e-05
2014-02-10 00:00:00,2014-02-10 00:00:00,PRATE,surface,-93.7504,36.3778,2.32e-05
2014-02-10 00:00:00,2014-02-10 00:00:00,PRATE,surface,-92.8129,36.3778,2.78e-05
